version = 'MMult_1x4_6';
MY_MMult = [
40 6.736842e+00 2.664535e-15 
80 7.211268e+00 7.105427e-15 
120 7.944828e+00 1.065814e-14 
160 7.255979e+00 1.421085e-14 
200 7.438401e+00 1.421085e-14 
240 6.260870e+00 1.776357e-14 
280 7.149324e+00 1.776357e-14 
320 5.192615e+00 2.842171e-14 
360 6.470115e+00 2.309264e-14 
400 6.025231e+00 2.842171e-14 
440 6.037351e+00 3.197442e-14 
480 5.423702e+00 3.907985e-14 
520 5.925576e+00 3.907985e-14 
560 5.849382e+00 4.618528e-14 
600 5.879311e+00 4.263256e-14 
640 3.860793e+00 4.440892e-14 
680 5.840661e+00 5.329071e-14 
720 5.458757e+00 4.973799e-14 
760 5.692190e+00 4.973799e-14 
800 4.608565e+00 4.973799e-14 
840 5.665086e+00 6.394885e-14 
880 5.088574e+00 7.105427e-14 
920 5.386645e+00 6.394885e-14 
960 3.663185e+00 6.394885e-14 
1000 4.115794e+00 6.394885e-14 
];
