version = 'MMult_4x4_13';
MY_MMult = [
40 5.120000e+00 2.664535e-15 
80 4.995122e+00 7.105427e-15 
120 5.150522e+00 1.065814e-14 
160 5.268167e+00 1.421085e-14 
200 5.017247e+00 2.131628e-14 
240 5.560740e+00 2.486900e-14 
280 5.640288e+00 2.842171e-14 
320 5.639931e+00 3.552714e-14 
360 5.667294e+00 4.973799e-14 
400 5.671999e+00 4.973799e-14 
440 5.537541e+00 4.973799e-14 
480 5.567879e+00 6.039613e-14 
520 5.679984e+00 6.394885e-14 
560 5.639201e+00 6.750156e-14 
600 5.701390e+00 7.460699e-14 
640 5.719797e+00 8.171241e-14 
680 5.709938e+00 9.237056e-14 
720 5.718085e+00 1.101341e-13 
760 5.713304e+00 1.065814e-13 
800 5.688257e+00 8.881784e-14 
840 5.701654e+00 1.065814e-13 
880 5.704700e+00 1.030287e-13 
920 5.694120e+00 1.207923e-13 
960 5.674731e+00 1.278977e-13 
1000 5.684014e+00 1.421085e-13 
];
