version = 'MMult_1x4_9';
MY_MMult = [
40 4.571429e+00 9.920290e+00 
80 4.612613e+00 1.686970e+01 
120 5.325116e+00 2.332174e+01 
160 6.405004e+00 2.601939e+01 
200 7.789679e+00 3.371622e+01 
240 7.362983e+00 3.607594e+01 
280 7.745942e+00 3.902018e+01 
320 5.767491e+00 4.418587e+01 
360 7.567269e+00 4.548436e+01 
400 6.566460e+00 4.605081e+01 
440 7.422795e+00 4.911745e+01 
480 6.092887e+00 5.782060e+01 
520 7.113450e+00 5.385754e+01 
560 6.544045e+00 5.842500e+01 
600 6.640739e+00 6.193393e+01 
640 3.878185e+00 6.109347e+01 
680 6.399349e+00 6.605340e+01 
720 6.198022e+00 6.603627e+01 
760 6.356398e+00 6.546521e+01 
800 5.004032e+00 6.806946e+01 
840 6.284669e+00 7.377044e+01 
880 5.899705e+00 7.354342e+01 
920 6.302869e+00 7.449796e+01 
960 3.894342e+00 7.988074e+01 
1000 4.371871e+00 7.545219e+01 
];
