version = 'MMult1';
MY_MMult = [
40 1.802817e+00 0.000000e+00 
80 1.771626e+00 0.000000e+00 
120 1.582418e+00 0.000000e+00 
160 1.463380e+00 0.000000e+00 
200 1.481207e+00 0.000000e+00 
240 1.428985e+00 0.000000e+00 
280 1.444353e+00 0.000000e+00 
320 1.272939e+00 0.000000e+00 
360 1.438845e+00 0.000000e+00 
400 1.393000e+00 0.000000e+00 
440 1.434352e+00 0.000000e+00 
480 1.344314e+00 0.000000e+00 
520 1.423734e+00 0.000000e+00 
560 1.384941e+00 0.000000e+00 
600 1.415442e+00 0.000000e+00 
640 9.882866e-01 0.000000e+00 
680 1.414226e+00 0.000000e+00 
720 1.380674e+00 0.000000e+00 
760 1.408898e+00 0.000000e+00 
800 1.287480e+00 0.000000e+00 
840 1.400137e+00 0.000000e+00 
880 1.346445e+00 0.000000e+00 
920 1.390796e+00 0.000000e+00 
960 1.050360e+00 0.000000e+00 
1000 1.108817e+00 0.000000e+00 
];
