version = 'MMult_4x4_7';
MY_MMult = [
40 7.529412e+00 2.664535e-15 
80 7.641791e+00 7.105427e-15 
120 8.112676e+00 1.065814e-14 
160 8.062992e+00 1.421085e-14 
200 6.095238e+00 1.421085e-14 
240 6.168675e+00 1.776357e-14 
280 6.456471e+00 1.776357e-14 
320 5.622512e+00 2.842171e-14 
360 6.210863e+00 2.309264e-14 
400 5.925926e+00 2.842171e-14 
440 5.917610e+00 3.197442e-14 
480 5.517324e+00 3.907985e-14 
520 5.821434e+00 3.907985e-14 
560 5.644185e+00 4.618528e-14 
600 5.633582e+00 4.263256e-14 
640 3.991808e+00 4.440892e-14 
680 5.413494e+00 5.329071e-14 
720 5.384342e+00 4.973799e-14 
760 5.419624e+00 4.973799e-14 
800 4.764364e+00 4.973799e-14 
840 5.274106e+00 6.394885e-14 
880 5.102175e+00 7.105427e-14 
920 5.095492e+00 6.394885e-14 
960 3.995295e+00 6.394885e-14 
1000 4.468864e+00 6.394885e-14 
];
