version = 'MMult_4x4_6_rb';
MY_MMult = [
40 7.529412e+00 2.664535e-15 
80 7.757576e+00 7.105427e-15 
120 6.967742e+00 1.065814e-14 
160 7.406872e+00 1.421085e-14 
200 7.550731e+00 1.421085e-14 
240 6.609610e+00 1.776357e-14 
280 6.626019e+00 1.776357e-14 
320 5.512322e+00 2.842171e-14 
360 6.309554e+00 2.309264e-14 
400 6.074412e+00 2.842171e-14 
440 6.092187e+00 3.197442e-14 
480 5.685087e+00 3.907985e-14 
520 5.827586e+00 3.907985e-14 
560 5.723374e+00 4.618528e-14 
600 5.798346e+00 4.263256e-14 
640 3.954801e+00 4.440892e-14 
680 5.488284e+00 5.329071e-14 
720 5.343182e+00 4.973799e-14 
760 5.469731e+00 4.973799e-14 
800 4.817894e+00 4.973799e-14 
840 5.291598e+00 6.394885e-14 
880 5.130137e+00 7.105427e-14 
920 5.095692e+00 6.394885e-14 
960 3.950076e+00 6.394885e-14 
1000 4.341314e+00 6.394885e-14 
];
