version = 'MMult_4x4_10';
MY_MMult = [
40 5.120000e+00 2.664535e-15 
80 5.535135e+00 7.105427e-15 
120 6.633397e+00 1.065814e-14 
160 7.663237e+00 1.421085e-14 
200 8.113590e+00 1.421085e-14 
240 8.388350e+00 1.776357e-14 
280 8.294729e+00 1.776357e-14 
320 7.315919e+00 2.842171e-14 
360 7.768879e+00 2.309264e-14 
400 7.614062e+00 2.842171e-14 
440 7.582695e+00 3.197442e-14 
480 7.384369e+00 3.907985e-14 
520 7.259060e+00 3.907985e-14 
560 7.366288e+00 4.618528e-14 
600 7.183239e+00 4.263256e-14 
640 5.601547e+00 4.440892e-14 
680 7.096266e+00 5.329071e-14 
720 6.975490e+00 4.973799e-14 
760 6.672788e+00 4.973799e-14 
800 6.311209e+00 4.973799e-14 
840 6.615148e+00 6.394885e-14 
880 6.544906e+00 7.105427e-14 
920 6.527361e+00 6.394885e-14 
960 5.504417e+00 6.394885e-14 
1000 5.733090e+00 6.394885e-14 
];
