version = 'MMult_4x4_6';
MY_MMult = [
40 3.764706e+00 2.664535e-15 
80 4.551111e+00 7.105427e-15 
120 5.165919e+00 1.065814e-14 
160 6.627832e+00 1.421085e-14 
200 5.614035e+00 1.421085e-14 
240 6.410387e+00 1.776357e-14 
280 6.944638e+00 1.776357e-14 
320 5.891406e+00 2.842171e-14 
360 6.522122e+00 2.309264e-14 
400 6.474129e+00 2.842171e-14 
440 6.371041e+00 3.197442e-14 
480 6.184716e+00 3.907985e-14 
520 6.009659e+00 3.907985e-14 
560 5.955507e+00 4.618528e-14 
600 5.850725e+00 4.263256e-14 
640 4.013381e+00 4.440892e-14 
680 5.713154e+00 5.329071e-14 
720 5.549620e+00 4.973799e-14 
760 5.762428e+00 4.973799e-14 
800 4.836120e+00 4.973799e-14 
840 5.372321e+00 6.394885e-14 
880 5.306505e+00 7.105427e-14 
920 5.263344e+00 6.394885e-14 
960 4.004988e+00 6.394885e-14 
1000 4.445590e+00 6.394885e-14 
];
