version = 'MMult0';
MY_MMult = [
40 2.723404e+00 0.000000e+00 
80 2.443914e+00 0.000000e+00 
120 2.272189e+00 0.000000e+00 
160 2.044422e+00 0.000000e+00 
200 2.231209e+00 0.000000e+00 
240 2.102190e+00 0.000000e+00 
280 2.221300e+00 0.000000e+00 
320 2.015686e+00 0.000000e+00 
360 2.186727e+00 0.000000e+00 
400 2.135540e+00 0.000000e+00 
440 2.176976e+00 0.000000e+00 
480 2.089914e+00 0.000000e+00 
520 2.140576e+00 0.000000e+00 
560 2.124134e+00 0.000000e+00 
600 2.120943e+00 0.000000e+00 
640 1.516883e+00 0.000000e+00 
680 2.124189e+00 0.000000e+00 
720 2.111525e+00 0.000000e+00 
760 2.122344e+00 0.000000e+00 
800 2.007516e+00 0.000000e+00 
];
