version = 'MMult_1x4_4';
MY_MMult = [
40 2.976744e+00 0.000000e+00 
80 2.522167e+00 0.000000e+00 
120 2.304000e+00 0.000000e+00 
160 2.134445e+00 0.000000e+00 
200 2.207201e+00 0.000000e+00 
240 2.151930e+00 0.000000e+00 
280 2.233277e+00 0.000000e+00 
320 1.977908e+00 0.000000e+00 
360 2.176576e+00 0.000000e+00 
400 2.112142e+00 0.000000e+00 
440 2.159126e+00 0.000000e+00 
480 2.061687e+00 0.000000e+00 
520 2.128215e+00 0.000000e+00 
560 2.102896e+00 0.000000e+00 
600 2.120443e+00 0.000000e+00 
640 1.542754e+00 0.000000e+00 
680 1.895768e+00 0.000000e+00 
720 2.081492e+00 0.000000e+00 
760 2.089944e+00 0.000000e+00 
800 1.974189e+00 0.000000e+00 
840 2.035591e+00 0.000000e+00 
880 2.066673e+00 0.000000e+00 
920 2.081035e+00 0.000000e+00 
960 1.662605e+00 0.000000e+00 
1000 1.701990e+00 0.000000e+00 
];
