
MY_MMult = [
40 5.825440e+00 0.000000e+00 
80 6.131384e+00 0.000000e+00 
120 6.052616e+00 0.000000e+00 
160 5.599381e+00 0.000000e+00 
200 6.021924e+00 0.000000e+00 
240 6.024868e+00 0.000000e+00 
280 5.549747e+00 0.000000e+00 
320 5.155454e+00 0.000000e+00 
360 5.173371e+00 0.000000e+00 
400 5.071909e+00 0.000000e+00 
440 4.868488e+00 0.000000e+00 
480 4.918804e+00 0.000000e+00 
520 4.888748e+00 0.000000e+00 
560 4.918115e+00 0.000000e+00 
600 4.763116e+00 0.000000e+00 
640 4.202139e+00 0.000000e+00 
680 4.683743e+00 0.000000e+00 
720 4.837451e+00 0.000000e+00 
760 4.682436e+00 0.000000e+00 
800 4.779840e+00 0.000000e+00 
];
