
MY_MMult = [
40 1.969236e+00 0.000000e+00 
80 1.812380e+00 0.000000e+00 
120 1.647285e+00 0.000000e+00 
160 1.580249e+00 0.000000e+00 
200 1.522071e+00 0.000000e+00 
240 1.500244e+00 0.000000e+00 
280 1.489787e+00 0.000000e+00 
320 1.414212e+00 0.000000e+00 
360 1.475242e+00 0.000000e+00 
400 1.460787e+00 0.000000e+00 
440 1.467588e+00 0.000000e+00 
480 1.421921e+00 0.000000e+00 
520 1.459611e+00 0.000000e+00 
560 1.446203e+00 0.000000e+00 
600 1.453733e+00 0.000000e+00 
640 1.200126e+00 0.000000e+00 
680 1.451219e+00 0.000000e+00 
720 1.439110e+00 0.000000e+00 
760 1.449305e+00 0.000000e+00 
800 1.419695e+00 0.000000e+00 
];
