
MY_MMult = [
40 4.922032e+00 0.000000e+00 
80 4.784881e+00 0.000000e+00 
120 4.747181e+00 0.000000e+00 
160 4.697246e+00 0.000000e+00 
200 4.689322e+00 0.000000e+00 
240 4.697250e+00 0.000000e+00 
280 4.579062e+00 0.000000e+00 
320 4.432599e+00 0.000000e+00 
360 4.573887e+00 0.000000e+00 
400 4.584201e+00 0.000000e+00 
440 4.516891e+00 0.000000e+00 
480 4.373044e+00 0.000000e+00 
520 4.483884e+00 0.000000e+00 
560 4.499404e+00 0.000000e+00 
600 4.500003e+00 0.000000e+00 
640 4.271326e+00 0.000000e+00 
680 4.480977e+00 0.000000e+00 
720 4.497749e+00 0.000000e+00 
760 4.453217e+00 0.000000e+00 
800 4.314016e+00 0.000000e+00 
];
