
MY_MMult = [
40 5.570468e+00 0.000000e+00 
80 4.946645e+00 0.000000e+00 
120 5.999988e+00 0.000000e+00 
160 5.826500e+00 0.000000e+00 
200 8.556165e+00 0.000000e+00 
240 8.315122e+00 0.000000e+00 
280 8.235634e+00 0.000000e+00 
320 6.866011e+00 0.000000e+00 
360 7.711108e+00 0.000000e+00 
400 7.646357e+00 0.000000e+00 
440 7.240469e+00 0.000000e+00 
480 6.432201e+00 0.000000e+00 
520 6.744282e+00 0.000000e+00 
560 6.445090e+00 0.000000e+00 
600 6.414074e+00 0.000000e+00 
640 4.628333e+00 0.000000e+00 
680 6.585305e+00 0.000000e+00 
720 6.688795e+00 0.000000e+00 
760 6.540951e+00 0.000000e+00 
800 6.190087e+00 0.000000e+00 
];
