
MY_MMult = [
40 5.565958e+00 0.000000e+00 
80 5.626595e+00 0.000000e+00 
120 5.665554e+00 0.000000e+00 
160 5.645787e+00 0.000000e+00 
200 5.580740e+00 0.000000e+00 
240 5.545123e+00 0.000000e+00 
280 5.252295e+00 0.000000e+00 
320 4.905020e+00 0.000000e+00 
360 4.970279e+00 0.000000e+00 
400 4.702940e+00 0.000000e+00 
440 4.279418e+00 1.000000e+00 
480 4.243422e+00 1.000000e+00 
520 4.332664e+00 0.000000e+00 
560 4.243825e+00 0.000000e+00 
600 4.291928e+00 0.000000e+00 
640 3.105126e+00 0.000000e+00 
680 4.247302e+00 0.000000e+00 
720 4.123257e+00 1.000000e+00 
760 4.023463e+00 0.000000e+00 
800 4.083360e+00 0.000000e+00 
];
