
MY_MMult = [
40 5.818068e+00 0.000000e+00 
80 5.851443e+00 0.000000e+00 
120 6.052510e+00 0.000000e+00 
160 6.113422e+00 0.000000e+00 
200 5.999243e+00 0.000000e+00 
240 5.976658e+00 0.000000e+00 
280 5.671620e+00 0.000000e+00 
320 5.330301e+00 0.000000e+00 
360 5.586538e+00 0.000000e+00 
400 5.479924e+00 0.000000e+00 
440 5.144581e+00 0.000000e+00 
480 5.039398e+00 0.000000e+00 
520 5.261001e+00 0.000000e+00 
560 5.318150e+00 0.000000e+00 
600 5.378290e+00 0.000000e+00 
640 4.751485e+00 0.000000e+00 
680 5.315528e+00 0.000000e+00 
720 5.317643e+00 0.000000e+00 
760 5.184492e+00 0.000000e+00 
800 5.050928e+00 0.000000e+00 
];
