
MY_MMult = [
40 5.563545e+00 0.000000e+00 
80 6.321086e+00 0.000000e+00 
120 5.503060e+00 0.000000e+00 
160 5.843090e+00 0.000000e+00 
200 8.602151e+00 0.000000e+00 
240 8.491388e+00 0.000000e+00 
280 8.307300e+00 0.000000e+00 
320 7.335577e+00 0.000000e+00 
360 8.051792e+00 0.000000e+00 
400 7.851307e+00 0.000000e+00 
440 7.365997e+00 0.000000e+00 
480 6.573657e+00 0.000000e+00 
520 6.872334e+00 0.000000e+00 
560 6.765256e+00 0.000000e+00 
600 6.736525e+00 0.000000e+00 
640 4.745371e+00 0.000000e+00 
680 6.764529e+00 0.000000e+00 
720 6.878819e+00 0.000000e+00 
760 6.847073e+00 0.000000e+00 
800 6.487838e+00 0.000000e+00 
];
