
MY_MMult = [
40 2.414995e+00 0.000000e+00 
80 2.479335e+00 0.000000e+00 
120 2.506190e+00 0.000000e+00 
160 1.793342e+00 0.000000e+00 
200 2.478708e+00 0.000000e+00 
240 2.455633e+00 0.000000e+00 
280 2.414964e+00 0.000000e+00 
320 1.928552e+00 0.000000e+00 
360 2.145793e+00 0.000000e+00 
400 1.974577e+00 0.000000e+00 
440 1.951569e+00 0.000000e+00 
480 1.876605e+00 0.000000e+00 
520 1.909448e+00 0.000000e+00 
560 1.884211e+00 0.000000e+00 
600 1.901575e+00 0.000000e+00 
640 1.473221e+00 0.000000e+00 
680 1.891678e+00 0.000000e+00 
720 1.869019e+00 0.000000e+00 
760 1.878230e+00 0.000000e+00 
800 1.792886e+00 0.000000e+00 
];
