
MY_MMult = [
40 4.414845e+00 0.000000e+00 
80 4.511115e+00 0.000000e+00 
120 4.547395e+00 0.000000e+00 
160 4.341278e+00 0.000000e+00 
200 5.967907e+00 0.000000e+00 
240 6.003909e+00 0.000000e+00 
280 5.535053e+00 0.000000e+00 
320 4.990934e+00 0.000000e+00 
360 5.157635e+00 0.000000e+00 
400 5.040164e+00 0.000000e+00 
440 4.836287e+00 0.000000e+00 
480 4.876729e+00 0.000000e+00 
520 4.859356e+00 0.000000e+00 
560 4.867272e+00 0.000000e+00 
600 4.710093e+00 0.000000e+00 
640 4.149984e+00 0.000000e+00 
680 4.623225e+00 0.000000e+00 
720 4.813313e+00 0.000000e+00 
760 4.632669e+00 0.000000e+00 
800 4.701257e+00 0.000000e+00 
];
