
MY_MMult = [
40 5.565618e+00 0.000000e+00 
80 5.720623e+00 0.000000e+00 
120 6.295068e+00 0.000000e+00 
160 6.282215e+00 0.000000e+00 
200 6.394877e+00 0.000000e+00 
240 6.435759e+00 0.000000e+00 
280 6.381389e+00 0.000000e+00 
320 6.418175e+00 0.000000e+00 
360 6.442866e+00 0.000000e+00 
400 6.410576e+00 0.000000e+00 
440 6.434323e+00 0.000000e+00 
480 6.452093e+00 0.000000e+00 
520 6.424410e+00 0.000000e+00 
560 6.437531e+00 0.000000e+00 
600 6.454994e+00 0.000000e+00 
640 6.460877e+00 0.000000e+00 
680 6.440767e+00 0.000000e+00 
720 6.451606e+00 0.000000e+00 
760 6.463039e+00 0.000000e+00 
800 6.445120e+00 0.000000e+00 
];
