
MY_MMult = [
40 2.134043e+00 0.000000e+00 
80 1.841797e+00 0.000000e+00 
120 1.646510e+00 0.000000e+00 
160 1.590069e+00 0.000000e+00 
200 1.528033e+00 0.000000e+00 
240 1.501141e+00 0.000000e+00 
280 1.490800e+00 0.000000e+00 
320 1.411349e+00 0.000000e+00 
360 1.475031e+00 0.000000e+00 
400 1.464867e+00 0.000000e+00 
440 1.466944e+00 0.000000e+00 
480 1.435579e+00 0.000000e+00 
520 1.457621e+00 0.000000e+00 
560 1.444960e+00 0.000000e+00 
600 1.451544e+00 0.000000e+00 
640 1.126505e+00 0.000000e+00 
680 1.449905e+00 0.000000e+00 
720 1.440464e+00 0.000000e+00 
760 1.444729e+00 0.000000e+00 
800 1.413661e+00 0.000000e+00 
];
