
MY_MMult = [
40 2.099337e+00 0.000000e+00 
80 1.825292e+00 0.000000e+00 
120 1.624072e+00 0.000000e+00 
160 1.581779e+00 0.000000e+00 
200 1.523668e+00 0.000000e+00 
240 1.497157e+00 0.000000e+00 
280 1.486559e+00 0.000000e+00 
320 1.415496e+00 0.000000e+00 
360 1.470754e+00 0.000000e+00 
400 1.464565e+00 0.000000e+00 
440 1.462311e+00 0.000000e+00 
480 1.434312e+00 0.000000e+00 
520 1.456837e+00 0.000000e+00 
560 1.446334e+00 0.000000e+00 
600 1.451043e+00 0.000000e+00 
640 1.184773e+00 0.000000e+00 
680 1.448894e+00 0.000000e+00 
720 1.437673e+00 0.000000e+00 
760 1.447672e+00 0.000000e+00 
800 1.424761e+00 0.000000e+00 
];
