
MY_MMult = [
40 3.282679e+00 0.000000e+00 
80 3.281974e+00 0.000000e+00 
120 3.150476e+00 0.000000e+00 
160 3.101861e+00 0.000000e+00 
200 3.100179e+00 0.000000e+00 
240 3.044607e+00 0.000000e+00 
280 2.906592e+00 0.000000e+00 
320 2.614745e+00 0.000000e+00 
360 2.646024e+00 0.000000e+00 
400 2.503567e+00 0.000000e+00 
440 2.561927e+00 0.000000e+00 
480 2.411067e+00 0.000000e+00 
520 2.467154e+00 0.000000e+00 
560 2.363018e+00 0.000000e+00 
600 2.339613e+00 0.000000e+00 
640 1.884586e+00 0.000000e+00 
680 2.275608e+00 0.000000e+00 
720 2.217588e+00 0.000000e+00 
760 2.194214e+00 0.000000e+00 
800 2.109462e+00 0.000000e+00 
];
