
MY_MMult = [
40 5.120486e+00 0.000000e+00 
80 6.169069e+00 0.000000e+00 
120 6.400112e+00 0.000000e+00 
160 6.350348e+00 0.000000e+00 
200 6.417993e+00 0.000000e+00 
240 6.485567e+00 0.000000e+00 
280 6.405596e+00 0.000000e+00 
320 6.439631e+00 0.000000e+00 
360 6.484046e+00 0.000000e+00 
400 6.457478e+00 0.000000e+00 
440 6.484040e+00 0.000000e+00 
480 6.503881e+00 0.000000e+00 
520 6.461770e+00 0.000000e+00 
560 6.473958e+00 0.000000e+00 
600 6.498789e+00 0.000000e+00 
640 6.498935e+00 0.000000e+00 
680 6.492168e+00 0.000000e+00 
720 6.507976e+00 0.000000e+00 
760 6.517299e+00 0.000000e+00 
800 6.484998e+00 0.000000e+00 
840 6.493429e+00 0.000000e+00 
880 6.504179e+00 0.000000e+00 
920 6.488688e+00 0.000000e+00 
960 6.498762e+00 0.000000e+00 
1000 6.503650e+00 0.000000e+00 
];
