
MY_MMult = [
40 1.802979e+00 0.000000e+00 
80 1.841729e+00 0.000000e+00 
120 1.809436e+00 0.000000e+00 
160 1.768954e+00 0.000000e+00 
200 2.484476e+00 0.000000e+00 
240 2.457379e+00 0.000000e+00 
280 2.412841e+00 0.000000e+00 
320 1.954375e+00 0.000000e+00 
360 2.138467e+00 0.000000e+00 
400 1.985667e+00 0.000000e+00 
440 1.888550e+00 0.000000e+00 
480 1.798360e+00 0.000000e+00 
520 1.907156e+00 0.000000e+00 
560 1.882192e+00 0.000000e+00 
600 1.905097e+00 0.000000e+00 
640 1.480445e+00 0.000000e+00 
680 1.905563e+00 0.000000e+00 
720 1.876519e+00 0.000000e+00 
760 1.873426e+00 0.000000e+00 
800 1.794632e+00 0.000000e+00 
];
