
MY_MMult = [
40 4.927292e+00 0.000000e+00 
80 5.279024e+00 0.000000e+00 
120 5.433916e+00 0.000000e+00 
160 5.465007e+00 0.000000e+00 
200 5.442186e+00 0.000000e+00 
240 5.433931e+00 0.000000e+00 
280 5.154865e+00 0.000000e+00 
320 4.354557e+00 0.000000e+00 
360 5.004133e+00 0.000000e+00 
400 4.914197e+00 0.000000e+00 
440 4.615888e+00 1.000000e+00 
480 4.262633e+00 1.000000e+00 
520 4.352374e+00 0.000000e+00 
560 4.229973e+00 0.000000e+00 
600 4.291420e+00 0.000000e+00 
640 2.763892e+00 0.000000e+00 
680 4.199225e+00 0.000000e+00 
720 4.223889e+00 1.000000e+00 
760 4.365117e+00 0.000000e+00 
800 4.020765e+00 0.000000e+00 
];
