
MY_MMult = [
40 4.267286e+00 0.000000e+00 
80 5.476006e+00 0.000000e+00 
120 5.503163e+00 0.000000e+00 
160 5.497973e+00 0.000000e+00 
200 5.457049e+00 0.000000e+00 
240 5.373770e+00 0.000000e+00 
280 5.092081e+00 0.000000e+00 
320 4.689519e+00 0.000000e+00 
360 4.808411e+00 0.000000e+00 
400 4.642054e+00 0.000000e+00 
440 4.393649e+00 1.000000e+00 
480 4.157044e+00 1.000000e+00 
520 4.216068e+00 0.000000e+00 
560 4.203402e+00 0.000000e+00 
600 4.256079e+00 0.000000e+00 
640 3.004772e+00 0.000000e+00 
680 4.195642e+00 0.000000e+00 
720 4.109616e+00 1.000000e+00 
760 3.980648e+00 0.000000e+00 
800 4.007260e+00 0.000000e+00 
];
