
MY_MMult = [
40 4.919144e+00 0.000000e+00 
80 5.145252e+00 0.000000e+00 
120 5.374578e+00 0.000000e+00 
160 5.505301e+00 0.000000e+00 
200 5.449600e+00 0.000000e+00 
240 5.412681e+00 0.000000e+00 
280 5.133155e+00 0.000000e+00 
320 4.825572e+00 0.000000e+00 
360 4.825561e+00 0.000000e+00 
400 4.589288e+00 0.000000e+00 
440 4.336054e+00 1.000000e+00 
480 4.138926e+00 1.000000e+00 
520 4.164615e+00 0.000000e+00 
560 4.171603e+00 0.000000e+00 
600 4.224401e+00 0.000000e+00 
640 2.997730e+00 0.000000e+00 
680 4.205993e+00 0.000000e+00 
720 4.136562e+00 1.000000e+00 
760 4.016852e+00 0.000000e+00 
800 4.011291e+00 0.000000e+00 
];
