
MY_MMult = [
40 6.741459e+00 8.000000e+00 
80 6.919468e+00 1.200000e+01 
120 6.898525e+00 1.500000e+01 
160 6.918980e+00 2.100000e+01 
200 6.688963e+00 2.200000e+01 
240 6.741786e+00 2.800000e+01 
280 6.423425e+00 3.000000e+01 
320 5.674137e+00 3.300000e+01 
360 5.849565e+00 3.500000e+01 
400 5.502526e+00 3.800000e+01 
440 5.374893e+00 4.000000e+01 
480 5.174869e+00 4.400000e+01 
520 5.394299e+00 4.800000e+01 
560 5.134442e+00 4.700000e+01 
600 5.210464e+00 4.900000e+01 
640 3.581028e+00 5.100000e+01 
680 5.103555e+00 4.800000e+01 
720 5.039473e+00 5.100000e+01 
760 4.894506e+00 6.300000e+01 
800 4.801805e+00 5.300000e+01 
];
