
MY_MMult = [
40 5.818095e+00 0.000000e+00 
80 6.132205e+00 0.000000e+00 
120 6.400128e+00 0.000000e+00 
160 6.360306e+00 0.000000e+00 
200 6.361808e+00 0.000000e+00 
240 6.476416e+00 0.000000e+00 
280 6.442237e+00 3.200000e+01 
320 6.482952e+00 3.300000e+01 
360 6.515754e+00 4.100000e+01 
400 6.461382e+00 3.800000e+01 
440 6.517013e+00 4.300000e+01 
480 6.534050e+00 5.500000e+01 
520 6.509178e+00 3.700000e+01 
560 6.519622e+00 4.800000e+01 
600 6.537146e+00 4.800000e+01 
640 6.548943e+00 5.300000e+01 
680 6.528165e+00 5.700000e+01 
720 6.542586e+00 6.100000e+01 
760 6.549870e+00 5.800000e+01 
800 6.527789e+00 6.000000e+01 
];
