
MY_MMult = [
40 2.133478e+00 0.000000e+00 
80 1.828604e+00 0.000000e+00 
120 1.639476e+00 0.000000e+00 
160 1.586982e+00 0.000000e+00 
200 1.529348e+00 0.000000e+00 
240 1.502688e+00 0.000000e+00 
280 1.491000e+00 0.000000e+00 
320 1.419511e+00 0.000000e+00 
360 1.478327e+00 0.000000e+00 
400 1.465118e+00 0.000000e+00 
440 1.465342e+00 0.000000e+00 
480 1.434936e+00 0.000000e+00 
520 1.456776e+00 0.000000e+00 
560 1.442845e+00 0.000000e+00 
600 1.449461e+00 0.000000e+00 
640 1.109447e+00 0.000000e+00 
680 1.447954e+00 0.000000e+00 
720 1.438584e+00 0.000000e+00 
760 1.446423e+00 0.000000e+00 
800 1.423650e+00 0.000000e+00 
];
