
MY_MMult = [
40 1.267342e+00 0.000000e+00 
80 1.875415e+00 0.000000e+00 
120 2.502558e+00 0.000000e+00 
160 2.371052e+00 0.000000e+00 
200 2.298190e+00 0.000000e+00 
240 2.280814e+00 0.000000e+00 
280 2.301407e+00 0.000000e+00 
320 2.146399e+00 0.000000e+00 
360 2.244427e+00 0.000000e+00 
400 2.155826e+00 0.000000e+00 
440 2.208498e+00 0.000000e+00 
480 2.117464e+00 0.000000e+00 
520 2.145131e+00 0.000000e+00 
560 2.165707e+00 0.000000e+00 
600 2.177409e+00 0.000000e+00 
640 1.773274e+00 0.000000e+00 
680 2.171431e+00 0.000000e+00 
720 2.162310e+00 0.000000e+00 
760 2.168536e+00 0.000000e+00 
800 2.135957e+00 0.000000e+00 
];
