
MY_MMult = [
40 5.825241e+00 0.000000e+00 
80 6.058465e+00 0.000000e+00 
120 5.647295e+00 0.000000e+00 
160 6.099721e+00 0.000000e+00 
200 6.191971e+00 0.000000e+00 
240 6.193557e+00 0.000000e+00 
280 6.155065e+00 0.000000e+00 
320 6.192605e+00 0.000000e+00 
360 6.200955e+00 0.000000e+00 
400 6.181483e+00 0.000000e+00 
440 6.207163e+00 0.000000e+00 
480 6.209370e+00 0.000000e+00 
520 6.201560e+00 0.000000e+00 
560 6.202765e+00 0.000000e+00 
600 6.222092e+00 0.000000e+00 
640 6.221595e+00 0.000000e+00 
680 6.200911e+00 0.000000e+00 
720 6.215144e+00 0.000000e+00 
760 6.232792e+00 0.000000e+00 
800 6.212130e+00 0.000000e+00 
];
