
MY_MMult = [
40 5.819051e+00 0.000000e+00 
80 6.131850e+00 0.000000e+00 
120 6.400041e+00 0.000000e+00 
160 6.340557e+00 0.000000e+00 
200 6.417979e+00 0.000000e+00 
240 6.467365e+00 0.000000e+00 
280 6.414955e+00 0.000000e+00 
320 6.458026e+00 0.000000e+00 
360 6.489917e+00 0.000000e+00 
400 6.464649e+00 0.000000e+00 
440 6.493184e+00 0.000000e+00 
480 6.508092e+00 0.000000e+00 
520 6.473218e+00 0.000000e+00 
560 6.490237e+00 0.000000e+00 
600 6.506623e+00 0.000000e+00 
640 6.516214e+00 0.000000e+00 
680 6.485136e+00 0.000000e+00 
720 6.504684e+00 0.000000e+00 
760 6.516280e+00 0.000000e+00 
800 6.496521e+00 0.000000e+00 
840 6.509473e+00 0.000000e+00 
880 6.438343e+00 0.000000e+00 
920 6.499504e+00 0.000000e+00 
960 6.515371e+00 0.000000e+00 
1000 6.514633e+00 0.000000e+00 
];
