
MY_MMult = [
40 3.875405e+00 0.000000e+00 
80 3.643755e+00 0.000000e+00 
120 3.927273e+00 0.000000e+00 
160 5.661461e+00 0.000000e+00 
200 5.466370e+00 0.000000e+00 
240 5.528513e+00 0.000000e+00 
280 5.229171e+00 0.000000e+00 
320 4.886002e+00 0.000000e+00 
360 4.936633e+00 0.000000e+00 
400 4.676989e+00 0.000000e+00 
440 4.485369e+00 1.000000e+00 
480 4.265017e+00 1.000000e+00 
520 4.226972e+00 0.000000e+00 
560 4.208333e+00 0.000000e+00 
600 4.270340e+00 0.000000e+00 
640 3.113053e+00 0.000000e+00 
680 4.274645e+00 0.000000e+00 
720 4.199890e+00 1.000000e+00 
760 4.056309e+00 0.000000e+00 
800 4.137040e+00 0.000000e+00 
];
