
MY_MMult = [
40 8.532542e+00 0.000000e+00 
80 7.262776e+00 0.000000e+00 
120 6.272072e+00 0.000000e+00 
160 7.447362e+00 0.000000e+00 
200 8.105371e+00 0.000000e+00 
240 8.380711e+00 0.000000e+00 
280 8.162134e+00 0.000000e+00 
320 7.069681e+00 0.000000e+00 
360 7.832124e+00 0.000000e+00 
400 7.634948e+00 0.000000e+00 
440 7.149916e+00 0.000000e+00 
480 6.423233e+00 0.000000e+00 
520 6.500907e+00 0.000000e+00 
560 6.408171e+00 0.000000e+00 
600 6.349301e+00 0.000000e+00 
640 4.278256e+00 0.000000e+00 
680 6.713893e+00 0.000000e+00 
720 6.596529e+00 0.000000e+00 
760 6.433915e+00 0.000000e+00 
800 6.087309e+00 0.000000e+00 
];
