
MY_MMult = [
40 5.564748e+00 1.100000e+01 
80 5.721117e+00 1.500000e+01 
120 6.041989e+00 2.100000e+01 
160 6.050185e+00 2.500000e+01 
200 6.142029e+00 2.800000e+01 
240 6.161800e+00 3.500000e+01 
280 6.106249e+00 3.300000e+01 
320 6.141509e+00 3.800000e+01 
360 6.157978e+00 3.700000e+01 
400 6.138793e+00 4.300000e+01 
440 6.118013e+00 4.400000e+01 
480 6.178319e+00 5.700000e+01 
520 6.123372e+00 5.600000e+01 
560 6.139881e+00 4.900000e+01 
600 6.185304e+00 6.000000e+01 
640 6.172894e+00 6.000000e+01 
680 6.156105e+00 6.400000e+01 
720 6.058787e+00 6.200000e+01 
760 6.139097e+00 6.300000e+01 
800 6.171982e+00 6.800000e+01 
];
