
MY_MMult = [
40 5.819775e+00 0.000000e+00 
80 6.168611e+00 0.000000e+00 
120 6.238421e+00 0.000000e+00 
160 6.350362e+00 0.000000e+00 
200 6.407704e+00 0.000000e+00 
240 6.479498e+00 0.000000e+00 
280 6.406542e+00 0.000000e+00 
320 6.454203e+00 0.000000e+00 
360 6.487213e+00 0.000000e+00 
400 6.466936e+00 0.000000e+00 
440 6.493672e+00 0.000000e+00 
480 6.513837e+00 0.000000e+00 
520 6.468751e+00 0.000000e+00 
560 6.481378e+00 0.000000e+00 
600 6.507014e+00 0.000000e+00 
640 6.514842e+00 0.000000e+00 
680 6.497931e+00 0.000000e+00 
720 6.513651e+00 0.000000e+00 
760 6.523848e+00 0.000000e+00 
800 6.492595e+00 0.000000e+00 
];
