
MY_MMult = [
40 5.815914e+00 0.000000e+00 
80 6.131941e+00 0.000000e+00 
120 6.031381e+00 0.000000e+00 
160 6.036955e+00 0.000000e+00 
200 6.026352e+00 0.000000e+00 
240 6.068486e+00 0.000000e+00 
280 5.932148e+00 0.000000e+00 
320 5.734200e+00 0.000000e+00 
360 5.878306e+00 0.000000e+00 
400 5.946020e+00 0.000000e+00 
440 5.747132e+00 0.000000e+00 
480 5.749968e+00 0.000000e+00 
520 5.533143e+00 0.000000e+00 
560 5.533299e+00 0.000000e+00 
600 5.348782e+00 0.000000e+00 
640 4.934107e+00 0.000000e+00 
680 5.129024e+00 0.000000e+00 
720 5.212023e+00 0.000000e+00 
760 4.965600e+00 0.000000e+00 
800 5.177364e+00 0.000000e+00 
];
