
MY_MMult = [
40 3.049085e+00 0.000000e+00 
80 5.094292e+00 0.000000e+00 
120 5.150551e+00 0.000000e+00 
160 5.732649e+00 0.000000e+00 
200 6.597899e+00 0.000000e+00 
240 6.589145e+00 0.000000e+00 
280 6.523647e+00 0.000000e+00 
320 6.012484e+00 0.000000e+00 
360 6.348193e+00 0.000000e+00 
400 6.352355e+00 0.000000e+00 
440 6.014127e+00 0.000000e+00 
480 6.026312e+00 0.000000e+00 
520 6.025890e+00 0.000000e+00 
560 5.786449e+00 0.000000e+00 
600 5.916263e+00 0.000000e+00 
640 4.073881e+00 0.000000e+00 
680 5.958313e+00 0.000000e+00 
720 5.880378e+00 0.000000e+00 
760 5.879344e+00 0.000000e+00 
800 5.454057e+00 0.000000e+00 
];
