version = 'MMult0';
MY_MMult = [
40 2.612245e+00 0.000000e+00 
80 2.461538e+00 0.000000e+00 
120 2.393352e+00 0.000000e+00 
160 2.168343e+00 0.000000e+00 
200 2.266610e+00 0.000000e+00 
240 2.166941e+00 0.000000e+00 
280 2.108033e+00 0.000000e+00 
320 2.099638e+00 0.000000e+00 
360 2.090135e+00 0.000000e+00 
400 2.080016e+00 0.000000e+00 
440 2.078444e+00 0.000000e+00 
480 2.056932e+00 0.000000e+00 
520 2.045951e+00 0.000000e+00 
560 2.048478e+00 0.000000e+00 
600 2.052071e+00 0.000000e+00 
640 2.054299e+00 0.000000e+00 
680 2.043910e+00 0.000000e+00 
720 2.047129e+00 0.000000e+00 
760 2.042015e+00 0.000000e+00 
800 2.017897e+00 0.000000e+00 
];
