version = 'MMult1';
MY_MMult = [
40 2.723404e+00 0.000000e+00 
80 2.375870e+00 0.000000e+00 
120 2.261780e+00 0.000000e+00 
160 2.009814e+00 0.000000e+00 
200 2.244039e+00 0.000000e+00 
240 2.185267e+00 0.000000e+00 
280 2.213796e+00 0.000000e+00 
320 1.935499e+00 0.000000e+00 
360 2.124107e+00 0.000000e+00 
400 2.047279e+00 0.000000e+00 
440 2.115663e+00 0.000000e+00 
480 1.995507e+00 0.000000e+00 
520 2.084904e+00 0.000000e+00 
560 2.036848e+00 0.000000e+00 
600 2.072628e+00 0.000000e+00 
640 1.506692e+00 0.000000e+00 
680 2.066083e+00 0.000000e+00 
720 2.029719e+00 0.000000e+00 
760 2.064939e+00 0.000000e+00 
800 1.926829e+00 0.000000e+00 
];
