version = 'MMult2';
MY_MMult = [
40 2.909091e+00 0.000000e+00 
80 2.547264e+00 0.000000e+00 
120 2.236893e+00 0.000000e+00 
160 2.182787e+00 0.000000e+00 
200 2.190281e+00 0.000000e+00 
240 2.125461e+00 0.000000e+00 
280 2.116671e+00 0.000000e+00 
320 1.865369e+00 0.000000e+00 
360 2.106508e+00 0.000000e+00 
400 2.037665e+00 0.000000e+00 
440 2.097715e+00 0.000000e+00 
480 1.988135e+00 0.000000e+00 
520 2.034568e+00 0.000000e+00 
560 1.882101e+00 0.000000e+00 
600 2.020760e+00 0.000000e+00 
640 1.443624e+00 0.000000e+00 
680 2.149617e+00 0.000000e+00 
720 2.122379e+00 0.000000e+00 
760 2.142616e+00 0.000000e+00 
800 1.900488e+00 0.000000e+00 
840 2.112074e+00 0.000000e+00 
880 2.092485e+00 0.000000e+00 
920 2.103832e+00 0.000000e+00 
960 1.632994e+00 0.000000e+00 
1000 1.506600e+00 0.000000e+00 
];
