version = 'MMult_1x4_7';
MY_MMult = [
40 7.111111e+00 2.664535e-15 
80 7.314286e+00 7.105427e-15 
120 7.854545e+00 1.065814e-14 
160 6.395004e+00 1.421085e-14 
200 7.455732e+00 1.421085e-14 
240 6.115461e+00 1.776357e-14 
280 6.793130e+00 1.776357e-14 
320 4.809982e+00 2.842171e-14 
360 6.480450e+00 2.309264e-14 
400 6.119424e+00 2.842171e-14 
440 5.998451e+00 3.197442e-14 
480 5.242818e+00 3.907985e-14 
520 5.922706e+00 3.907985e-14 
560 5.764800e+00 4.618528e-14 
600 5.900511e+00 4.263256e-14 
640 3.823794e+00 4.440892e-14 
680 5.738753e+00 5.329071e-14 
720 5.457042e+00 4.973799e-14 
760 5.705247e+00 4.973799e-14 
800 4.606471e+00 4.973799e-14 
840 5.567988e+00 6.394885e-14 
880 5.113181e+00 7.105427e-14 
920 5.421958e+00 6.394885e-14 
960 3.697346e+00 6.394885e-14 
1000 3.726248e+00 6.394885e-14 
];
