version = 'MMult_4x4_4';
MY_MMult = [
40 2.723404e+00 0.000000e+00 
80 2.528395e+00 0.000000e+00 
120 2.391696e+00 0.000000e+00 
160 2.123931e+00 0.000000e+00 
200 2.179243e+00 0.000000e+00 
240 2.209366e+00 0.000000e+00 
280 2.204680e+00 0.000000e+00 
320 1.963214e+00 0.000000e+00 
360 2.187701e+00 0.000000e+00 
400 2.135576e+00 0.000000e+00 
440 2.179594e+00 0.000000e+00 
480 2.088967e+00 0.000000e+00 
520 2.150874e+00 0.000000e+00 
560 2.107868e+00 0.000000e+00 
600 2.058947e+00 0.000000e+00 
640 1.555109e+00 0.000000e+00 
680 2.126207e+00 0.000000e+00 
720 2.110755e+00 0.000000e+00 
760 2.133136e+00 0.000000e+00 
800 2.011472e+00 0.000000e+00 
840 2.126632e+00 0.000000e+00 
880 2.093536e+00 0.000000e+00 
920 2.111828e+00 0.000000e+00 
960 1.672728e+00 0.000000e+00 
1000 1.566702e+00 0.000000e+00 
];
