version = 'MMult_4x4_9';
MY_MMult = [
40 6.736842e+00 2.664535e-15 
80 7.314286e+00 7.105427e-15 
120 7.291139e+00 1.065814e-14 
160 6.243902e+00 1.421085e-14 
200 7.262823e+00 1.421085e-14 
240 6.295082e+00 1.776357e-14 
280 6.508153e+00 1.776357e-14 
320 5.742727e+00 2.842171e-14 
360 6.050577e+00 2.309264e-14 
400 6.061180e+00 2.842171e-14 
440 5.868485e+00 3.197442e-14 
480 5.434096e+00 3.907985e-14 
520 5.678264e+00 3.907985e-14 
560 5.568659e+00 4.618528e-14 
600 5.358871e+00 4.263256e-14 
640 3.839110e+00 4.440892e-14 
680 5.195162e+00 5.329071e-14 
720 5.229174e+00 4.973799e-14 
760 5.168924e+00 4.973799e-14 
800 4.607859e+00 4.973799e-14 
840 5.078260e+00 6.394885e-14 
880 4.954737e+00 7.105427e-14 
920 4.954164e+00 6.394885e-14 
960 3.830225e+00 6.394885e-14 
1000 4.167900e+00 6.394885e-14 
];
