version = 'MMult_4x4_12';
MY_MMult = [
40 3.657143e+00 2.664535e-15 
80 3.401993e+00 7.105427e-15 
120 3.421782e+00 1.065814e-14 
160 3.196254e+00 1.421085e-14 
200 5.914972e+00 2.131628e-14 
240 7.440258e+00 2.486900e-14 
280 7.098464e+00 2.842171e-14 
320 6.771647e+00 3.552714e-14 
360 6.828040e+00 4.973799e-14 
400 6.650042e+00 4.973799e-14 
440 6.722222e+00 4.973799e-14 
480 6.375097e+00 6.039613e-14 
520 6.547063e+00 6.394885e-14 
560 6.588730e+00 6.750156e-14 
600 6.599853e+00 7.460699e-14 
640 6.182131e+00 8.171241e-14 
680 6.589310e+00 9.237056e-14 
720 6.548440e+00 1.101341e-13 
760 6.546409e+00 1.065814e-13 
800 6.306040e+00 8.881784e-14 
840 6.559181e+00 1.065814e-13 
880 6.511418e+00 1.030287e-13 
920 6.536374e+00 1.207923e-13 
960 6.227926e+00 1.278977e-13 
1000 6.453549e+00 1.421085e-13 
];
