version = 'MMult_4x4_15';
MY_MMult = [
40 5.333333e+00 2.664535e-15 
80 5.688889e+00 7.105427e-15 
120 6.595420e+00 1.065814e-14 
160 6.486144e+00 1.421085e-14 
200 6.611570e+00 2.131628e-14 
240 6.647752e+00 2.486900e-14 
280 6.567539e+00 2.842171e-14 
320 6.619798e+00 3.552714e-14 
360 6.645207e+00 4.973799e-14 
400 6.669793e+00 4.973799e-14 
440 6.692646e+00 4.973799e-14 
480 6.707424e+00 6.039613e-14 
520 6.664834e+00 6.394885e-14 
560 6.688732e+00 6.750156e-14 
600 6.704223e+00 7.460699e-14 
640 6.726557e+00 8.171241e-14 
680 6.692463e+00 9.237056e-14 
720 6.706279e+00 1.101341e-13 
760 6.715200e+00 1.065814e-13 
800 6.696531e+00 8.881784e-14 
840 6.708021e+00 1.065814e-13 
880 6.716955e+00 1.030287e-13 
920 6.700351e+00 1.207923e-13 
960 6.709942e+00 1.278977e-13 
1000 6.718376e+00 1.421085e-13 
];
