version = 'MMult_4x4_3';
MY_MMult = [
40 2.098361e+00 0.000000e+00 
80 2.035785e+00 0.000000e+00 
120 1.707510e+00 0.000000e+00 
160 2.152957e+00 0.000000e+00 
200 2.206897e+00 0.000000e+00 
240 2.162027e+00 0.000000e+00 
280 2.124456e+00 0.000000e+00 
320 1.851613e+00 0.000000e+00 
360 2.082671e+00 0.000000e+00 
400 2.020074e+00 0.000000e+00 
440 2.063666e+00 0.000000e+00 
480 1.963950e+00 0.000000e+00 
520 2.030411e+00 0.000000e+00 
560 2.002006e+00 0.000000e+00 
600 2.019003e+00 0.000000e+00 
640 1.479573e+00 0.000000e+00 
680 2.007611e+00 0.000000e+00 
720 1.996630e+00 0.000000e+00 
760 2.013273e+00 0.000000e+00 
800 1.890827e+00 0.000000e+00 
840 2.003902e+00 0.000000e+00 
880 1.981879e+00 0.000000e+00 
920 2.008250e+00 0.000000e+00 
960 1.601925e+00 0.000000e+00 
1000 1.610207e+00 0.000000e+00 
];
