version = 'MMult_1x4_8';
MY_MMult = [
40 7.529412e+00 7.935868e+00 
80 7.529412e+00 1.111873e+01 
120 7.963134e+00 1.361372e+01 
160 7.930300e+00 1.742788e+01 
200 8.121827e+00 2.019904e+01 
240 7.200000e+00 2.413949e+01 
280 7.834404e+00 2.483831e+01 
320 5.537006e+00 2.631482e+01 
360 6.958389e+00 2.783843e+01 
400 7.012930e+00 3.174555e+01 
440 6.927781e+00 3.310811e+01 
480 6.169879e+00 3.697014e+01 
520 6.927868e+00 3.585473e+01 
560 6.901110e+00 3.565111e+01 
600 6.726876e+00 3.703606e+01 
640 4.327308e+00 3.997728e+01 
680 6.752612e+00 4.311620e+01 
720 6.500483e+00 4.372437e+01 
760 6.650345e+00 4.483276e+01 
800 5.282980e+00 4.335492e+01 
840 6.706883e+00 4.827041e+01 
880 6.125866e+00 4.997787e+01 
920 6.553785e+00 4.942920e+01 
960 4.353352e+00 5.043082e+01 
1000 6.358189e+00 5.124851e+01 
];
