version = 'MMult_1x4_9';
MY_MMult = [
40 7.111111e+00 1.068453e+01 
80 6.872483e+00 1.782656e+01 
120 8.074766e+00 3.079047e+01 
160 8.167498e+00 3.231885e+01 
200 8.277289e+00 3.883019e+01 
240 7.677867e+00 4.048185e+01 
280 7.770619e+00 5.042329e+01 
320 6.104891e+00 5.680531e+01 
360 7.550736e+00 6.318721e+01 
400 7.137679e+00 6.182444e+01 
440 7.497932e+00 6.952001e+01 
480 6.613563e+00 6.764150e+01 
520 7.420535e+00 6.156548e+01 
560 7.149470e+00 6.651961e+01 
600 7.244311e+00 6.801874e+01 
640 4.350829e+00 7.987682e+01 
680 7.086271e+00 7.745367e+01 
720 6.694971e+00 7.852717e+01 
760 7.084657e+00 8.823015e+01 
800 5.542175e+00 8.277753e+01 
840 7.066179e+00 9.036391e+01 
880 6.533987e+00 9.752906e+01 
920 6.953968e+00 9.074465e+01 
960 4.408460e+00 8.508252e+01 
1000 6.671092e+00 1.025143e+02 
];
