version = 'MMult_4x4_11';
MY_MMult = [
40 5.120000e+00 2.664535e-15 
80 8.752137e+00 7.105427e-15 
120 9.790368e+00 1.065814e-14 
160 8.102868e+00 1.421085e-14 
200 9.603842e+00 2.131628e-14 
240 9.507565e+00 2.486900e-14 
280 8.978323e+00 2.842171e-14 
320 8.260146e+00 3.552714e-14 
360 8.573319e+00 4.973799e-14 
400 8.485250e+00 4.973799e-14 
440 8.495039e+00 4.973799e-14 
480 7.966575e+00 6.039613e-14 
520 8.079759e+00 6.394885e-14 
560 8.363662e+00 6.750156e-14 
600 8.237515e+00 7.460699e-14 
640 7.185571e+00 8.171241e-14 
680 7.349805e+00 9.237056e-14 
720 7.062470e+00 1.101341e-13 
760 6.588066e+00 1.065814e-13 
800 6.186526e+00 8.881784e-14 
840 7.661683e+00 1.065814e-13 
880 7.954245e+00 1.030287e-13 
920 8.049328e+00 1.207923e-13 
960 7.297544e+00 1.278977e-13 
1000 7.715722e+00 1.421085e-13 
];
