version = 'MMult_1x4_5';
MY_MMult = [
40 2.844444e+00 0.000000e+00 
80 2.844444e+00 0.000000e+00 
120 2.953846e+00 0.000000e+00 
160 2.741633e+00 0.000000e+00 
200 3.256003e+00 0.000000e+00 
240 2.914304e+00 0.000000e+00 
280 3.078390e+00 0.000000e+00 
320 2.424655e+00 0.000000e+00 
360 2.737386e+00 0.000000e+00 
400 2.668779e+00 0.000000e+00 
440 2.660711e+00 0.000000e+00 
480 2.483958e+00 0.000000e+00 
520 2.609167e+00 0.000000e+00 
560 2.559105e+00 0.000000e+00 
600 2.588826e+00 0.000000e+00 
640 1.898287e+00 0.000000e+00 
680 2.577438e+00 0.000000e+00 
720 2.531945e+00 0.000000e+00 
760 2.561053e+00 0.000000e+00 
800 2.355236e+00 0.000000e+00 
840 2.546800e+00 0.000000e+00 
880 2.479392e+00 0.000000e+00 
920 2.533967e+00 0.000000e+00 
960 2.046650e+00 0.000000e+00 
1000 2.297652e+00 0.000000e+00 
];
