version = 'MMult_4x4_10';
MY_MMult = [
40 8.000000e+00 9.799315e+00 
80 8.904348e+00 1.656900e+01 
120 9.070866e+00 1.948485e+01 
160 8.497925e+00 2.102247e+01 
200 9.259259e+00 3.109622e+01 
240 8.721767e+00 3.164828e+01 
280 8.730165e+00 3.596080e+01 
320 7.571165e+00 3.499085e+01 
360 8.139567e+00 3.855553e+01 
400 8.187808e+00 4.359819e+01 
440 8.082357e+00 4.341037e+01 
480 7.590652e+00 5.302775e+01 
520 7.882719e+00 4.818904e+01 
560 7.727707e+00 5.181722e+01 
600 7.606437e+00 5.576506e+01 
640 5.608438e+00 5.865541e+01 
680 7.511694e+00 5.862816e+01 
720 7.623763e+00 5.663620e+01 
760 7.296748e+00 6.038572e+01 
800 6.637799e+00 6.267085e+01 
840 7.055748e+00 6.455942e+01 
880 6.929860e+00 6.891745e+01 
920 7.050396e+00 7.138818e+01 
960 5.274684e+00 8.199282e+01 
1000 5.940235e+00 7.724103e+01 
];
