version = 'MMult1';
MY_MMult = [
40 2.560000e+00 0.000000e+00 
80 2.392523e+00 0.000000e+00 
120 2.324143e+00 0.000000e+00 
160 2.256749e+00 0.000000e+00 
200 2.262763e+00 0.000000e+00 
240 2.268833e+00 0.000000e+00 
280 2.167243e+00 0.000000e+00 
320 2.150837e+00 0.000000e+00 
360 2.126915e+00 0.000000e+00 
400 2.119942e+00 0.000000e+00 
440 2.114849e+00 0.000000e+00 
480 2.087843e+00 0.000000e+00 
520 2.083575e+00 0.000000e+00 
560 2.075005e+00 0.000000e+00 
600 2.067609e+00 0.000000e+00 
640 2.063760e+00 0.000000e+00 
680 2.065811e+00 0.000000e+00 
720 2.062651e+00 0.000000e+00 
760 2.059779e+00 0.000000e+00 
800 2.015538e+00 0.000000e+00 
];
