version = 'MMult2';
MY_MMult = [
40 2.909091e+00 0.000000e+00 
80 2.560000e+00 0.000000e+00 
120 2.188727e+00 0.000000e+00 
160 2.136115e+00 0.000000e+00 
200 2.189381e+00 0.000000e+00 
240 2.095498e+00 0.000000e+00 
280 2.123325e+00 0.000000e+00 
320 1.862930e+00 0.000000e+00 
360 2.092197e+00 0.000000e+00 
400 2.031166e+00 0.000000e+00 
440 2.079611e+00 0.000000e+00 
480 1.991375e+00 0.000000e+00 
520 2.041362e+00 0.000000e+00 
560 2.015760e+00 0.000000e+00 
600 2.028702e+00 0.000000e+00 
640 1.438372e+00 0.000000e+00 
680 2.000579e+00 0.000000e+00 
720 1.993399e+00 0.000000e+00 
760 1.996484e+00 0.000000e+00 
800 1.867908e+00 0.000000e+00 
840 1.991322e+00 0.000000e+00 
880 1.962013e+00 0.000000e+00 
920 1.985821e+00 0.000000e+00 
960 1.540802e+00 0.000000e+00 
1000 1.402713e+00 0.000000e+00 
];
