version = 'MMult_4x4_8';
MY_MMult = [
40 2.612245e+00 2.664535e-15 
80 4.511013e+00 7.105427e-15 
120 5.308756e+00 1.065814e-14 
160 5.104050e+00 1.421085e-14 
200 6.488240e+00 1.421085e-14 
240 6.804824e+00 1.776357e-14 
280 6.817391e+00 1.776357e-14 
320 5.787865e+00 2.842171e-14 
360 6.396490e+00 2.309264e-14 
400 6.325048e+00 2.842171e-14 
440 6.118661e+00 3.197442e-14 
480 5.781228e+00 3.907985e-14 
520 5.515986e+00 3.907985e-14 
560 5.702281e+00 4.618528e-14 
600 5.655783e+00 4.263256e-14 
640 4.029451e+00 4.440892e-14 
680 5.338857e+00 5.329071e-14 
720 5.276336e+00 4.973799e-14 
760 5.428236e+00 4.973799e-14 
800 4.763810e+00 4.973799e-14 
840 5.174059e+00 6.394885e-14 
880 5.028182e+00 7.105427e-14 
920 5.218966e+00 6.394885e-14 
960 4.021893e+00 6.394885e-14 
1000 4.319235e+00 6.394885e-14 
];
