version = 'MMult_4x4_15';
MY_MMult = [
40 4.740741e+00 2.664535e-15 
80 6.606452e+00 7.105427e-15 
120 6.925852e+00 1.065814e-14 
160 6.267789e+00 1.421085e-14 
200 6.341657e+00 2.131628e-14 
240 6.401482e+00 2.486900e-14 
280 6.638041e+00 2.842171e-14 
320 6.677807e+00 3.552714e-14 
360 6.695752e+00 4.973799e-14 
400 6.727989e+00 4.973799e-14 
440 6.746980e+00 4.973799e-14 
480 6.747323e+00 6.039613e-14 
520 6.724116e+00 6.394885e-14 
560 6.739945e+00 6.750156e-14 
600 6.745363e+00 7.460699e-14 
640 6.761429e+00 8.171241e-14 
680 6.745152e+00 9.237056e-14 
720 6.746096e+00 1.101341e-13 
760 6.755504e+00 1.065814e-13 
800 6.741810e+00 8.881784e-14 
840 6.751615e+00 1.065814e-13 
880 6.759797e+00 1.030287e-13 
920 6.750186e+00 1.207923e-13 
960 6.757166e+00 1.278977e-13 
1000 6.759863e+00 1.421085e-13 
];
