version = 'MMult_4x4_5';
MY_MMult = [
40 4.571429e+00 0.000000e+00 
80 4.551111e+00 0.000000e+00 
120 4.184019e+00 0.000000e+00 
160 4.059465e+00 0.000000e+00 
200 4.027183e+00 0.000000e+00 
240 3.607045e+00 0.000000e+00 
280 3.623937e+00 0.000000e+00 
320 3.124779e+00 0.000000e+00 
360 3.458947e+00 0.000000e+00 
400 3.345531e+00 0.000000e+00 
440 3.322698e+00 0.000000e+00 
480 3.004279e+00 0.000000e+00 
520 3.361455e+00 0.000000e+00 
560 3.129462e+00 0.000000e+00 
600 3.184338e+00 0.000000e+00 
640 2.636547e+00 0.000000e+00 
680 3.195252e+00 0.000000e+00 
720 3.213984e+00 0.000000e+00 
760 3.179223e+00 0.000000e+00 
800 2.984353e+00 0.000000e+00 
840 3.122601e+00 0.000000e+00 
880 3.073744e+00 0.000000e+00 
920 3.046570e+00 0.000000e+00 
960 2.719850e+00 0.000000e+00 
1000 2.792536e+00 0.000000e+00 
];
