version = 'MMult1';
MY_MMult = [
40 2.909091e+00 0.000000e+00 
80 2.316742e+00 0.000000e+00 
120 2.260301e+00 0.000000e+00 
160 1.842970e+00 0.000000e+00 
200 1.941748e+00 0.000000e+00 
240 1.991500e+00 0.000000e+00 
280 1.966320e+00 0.000000e+00 
320 1.724677e+00 0.000000e+00 
360 2.040722e+00 0.000000e+00 
400 1.995168e+00 0.000000e+00 
440 2.059450e+00 0.000000e+00 
480 1.961790e+00 0.000000e+00 
520 2.030660e+00 0.000000e+00 
560 1.991089e+00 0.000000e+00 
600 2.005692e+00 0.000000e+00 
640 1.427722e+00 0.000000e+00 
680 1.985339e+00 0.000000e+00 
720 1.917844e+00 0.000000e+00 
760 1.972053e+00 0.000000e+00 
800 1.871807e+00 0.000000e+00 
840 2.006680e+00 0.000000e+00 
880 1.943157e+00 0.000000e+00 
920 1.935605e+00 0.000000e+00 
960 1.519474e+00 0.000000e+00 
1000 1.453146e+00 0.000000e+00 
];
