version = 'MMult1';
MY_MMult = [
40 1.969231e+00 0.000000e+00 
80 1.735593e+00 0.000000e+00 
120 1.614953e+00 0.000000e+00 
160 1.454804e+00 0.000000e+00 
200 1.476560e+00 0.000000e+00 
240 1.434992e+00 0.000000e+00 
280 1.454883e+00 0.000000e+00 
320 1.305056e+00 0.000000e+00 
360 1.449102e+00 0.000000e+00 
400 1.404941e+00 0.000000e+00 
440 1.444605e+00 0.000000e+00 
480 1.369357e+00 0.000000e+00 
520 1.428370e+00 0.000000e+00 
560 1.395927e+00 0.000000e+00 
600 1.424267e+00 0.000000e+00 
640 1.016001e+00 0.000000e+00 
680 1.421579e+00 0.000000e+00 
720 1.389155e+00 0.000000e+00 
760 1.420193e+00 0.000000e+00 
800 1.324484e+00 0.000000e+00 
840 1.404324e+00 0.000000e+00 
880 1.376842e+00 0.000000e+00 
920 1.383331e+00 0.000000e+00 
960 1.081631e+00 0.000000e+00 
1000 1.136882e+00 0.000000e+00 
];
