version = 'MMult_4x4_9';
MY_MMult = [
40 7.111111e+00 2.664535e-15 
80 7.876923e+00 7.105427e-15 
120 6.953722e+00 1.065814e-14 
160 7.447273e+00 1.421085e-14 
200 6.714226e+00 1.421085e-14 
240 6.329670e+00 1.776357e-14 
280 6.720343e+00 1.776357e-14 
320 5.894585e+00 2.842171e-14 
360 6.343009e+00 2.309264e-14 
400 6.170459e+00 2.842171e-14 
440 5.571405e+00 3.197442e-14 
480 5.724668e+00 3.907985e-14 
520 5.067685e+00 3.907985e-14 
560 5.634226e+00 4.618528e-14 
600 5.485018e+00 4.263256e-14 
640 3.726680e+00 4.440892e-14 
680 5.436614e+00 5.329071e-14 
720 5.525916e+00 4.973799e-14 
760 4.950420e+00 4.973799e-14 
800 4.814587e+00 4.973799e-14 
840 5.132525e+00 6.394885e-14 
880 5.103168e+00 7.105427e-14 
920 5.066186e+00 6.394885e-14 
960 3.875925e+00 6.394885e-14 
1000 4.262675e+00 6.394885e-14 
];
