version = 'MMult_1x4_3';
MY_MMult = [
40 2.844444e+00 0.000000e+00 
80 2.280624e+00 0.000000e+00 
120 2.170854e+00 0.000000e+00 
160 2.006859e+00 0.000000e+00 
200 2.208115e+00 0.000000e+00 
240 2.159831e+00 0.000000e+00 
280 2.212903e+00 0.000000e+00 
320 1.900751e+00 0.000000e+00 
360 2.133333e+00 0.000000e+00 
400 2.076001e+00 0.000000e+00 
440 2.128243e+00 0.000000e+00 
480 2.017844e+00 0.000000e+00 
520 2.088930e+00 0.000000e+00 
560 2.058708e+00 0.000000e+00 
600 2.083595e+00 0.000000e+00 
640 1.494780e+00 0.000000e+00 
680 2.080485e+00 0.000000e+00 
720 2.054849e+00 0.000000e+00 
760 2.075851e+00 0.000000e+00 
800 1.951688e+00 0.000000e+00 
840 2.069725e+00 0.000000e+00 
880 2.030693e+00 0.000000e+00 
920 2.054629e+00 0.000000e+00 
960 1.612353e+00 0.000000e+00 
1000 1.408145e+00 0.000000e+00 
];
