version = 'MMult_4x4_15';
MY_MMult = [
40 9.142857e+00 2.664535e-15 
80 9.752381e+00 7.105427e-15 
120 1.063385e+01 1.065814e-14 
160 1.046232e+01 1.421085e-14 
200 1.065246e+01 2.131628e-14 
240 1.080844e+01 2.486900e-14 
280 1.075551e+01 2.842171e-14 
320 1.083598e+01 3.552714e-14 
360 1.088187e+01 4.973799e-14 
400 1.086034e+01 4.973799e-14 
440 1.088613e+01 4.973799e-14 
480 1.088611e+01 6.039613e-14 
520 1.083726e+01 6.394885e-14 
560 1.088923e+01 6.750156e-14 
600 1.091819e+01 7.460699e-14 
640 1.091653e+01 8.171241e-14 
680 1.089074e+01 9.237056e-14 
720 1.089378e+01 1.101341e-13 
760 1.090922e+01 1.065814e-13 
800 1.085988e+01 8.881784e-14 
840 1.090833e+01 1.065814e-13 
880 1.090565e+01 1.030287e-13 
920 1.089493e+01 1.207923e-13 
960 1.091007e+01 1.278977e-13 
1000 1.091918e+01 1.421085e-13 
];
