version = 'MMult_4x4_13';
MY_MMult = [
40 4.129032e+00 2.664535e-15 
80 4.063492e+00 7.105427e-15 
120 3.981567e+00 1.065814e-14 
160 5.171717e+00 1.421085e-14 
200 8.579088e+00 2.131628e-14 
240 1.035894e+01 2.486900e-14 
280 9.921808e+00 2.842171e-14 
320 9.809310e+00 3.552714e-14 
360 8.891938e+00 4.973799e-14 
400 9.168398e+00 4.973799e-14 
440 9.241050e+00 4.973799e-14 
480 9.574236e+00 6.039613e-14 
520 9.403016e+00 6.394885e-14 
560 9.466404e+00 6.750156e-14 
600 9.421412e+00 7.460699e-14 
640 9.362620e+00 8.171241e-14 
680 9.253988e+00 9.237056e-14 
720 9.285007e+00 1.101341e-13 
760 9.269212e+00 1.065814e-13 
800 9.247219e+00 8.881784e-14 
840 9.267516e+00 1.065814e-13 
880 9.118329e+00 1.030287e-13 
920 9.188872e+00 1.207923e-13 
960 9.225706e+00 1.278977e-13 
1000 9.229860e+00 1.421085e-13 
];
